(2, 2, 2, 0, 0, 2)
(2, 6, 2, 8, 0, 6)
(2, 6, 4, 10, 2, 8)
(2, 6, 6, 12, 4, 10)
(2, 6, 8, 14, 6, 12)
(2, 6, 10, 16, 8, 14)
(2, 6, 12, 18, 10, 16)
(2, 6, 14, 20, 12, 18)
(4, 0, 2, 2, 2, 2)
(4, 0, 2, 2, 6, 6)
(4, 8, 2, 6, 6, 34)
(6, 2, 2, 0, 8, 6)
(20, 0, 2, 2, 6, 6)
# UP TO 20

(4, 8, 6, 34, 22, 130)
(2, 6, 24, 30, 22, 28)
(2, 6, 26, 32, 24, 30)
(2, 6, 28, 34, 26, 32)
(2, 6, 30, 36, 28, 34)
(2, 6, 32, 38, 30, 36)
(2, 6, 34, 40, 32, 38)
(4, 0, 6, 6, 22, 22)
(6, 10, 4, 6, 22, 48)
(20, 0, 2, 2, 34, 34)
(2, 34, 6, 8, 8, 22)
(2, 6, 16, 22, 14, 20)
(2, 6, 18, 24, 16, 22)
(2, 6, 20, 26, 18, 24)
(2, 6, 22, 28, 20, 26)
(2, 34, 8, 22, 10, 36)
(2, 34, 10, 36, 12, 50)
# UP TO 40

(6, 2, 8, 6, 46, 36)
(8, 12, 6, 6, 46, 62)
(2, 6, 42, 48, 40, 46)
(2, 6, 44, 50, 42, 48)
(2, 6, 46, 52, 44, 50)
(2, 6, 48, 54, 46, 52)
(2, 6, 50, 56, 48, 54)
(2, 6, 52, 58, 50, 56)
(2, 6, 54, 60, 52, 58)
(6, 22, 8, 34, 46, 212)
(2, 34, 2, 48, 0, 34)
(2, 34, 12, 50, 14, 64)
(2, 6, 36, 42, 34, 40)
(2, 6, 38, 44, 36, 42)
(2, 6, 40, 46, 38, 44)
(4, 48, 2, 34, 6, 198)
(34, 2, 2, 0, 48, 34)
(22, 46, 2, 36, 36, 1154)
# UP TO 60

(8, 4, 10, 6, 78, 50)
(10, 14, 8, 6, 78, 76)
(6, 62, 4, 34, 22, 280)
(8, 76, 6, 34, 46, 362)
(2, 6, 56, 62, 54, 60)
(2, 6, 58, 64, 56, 62)
(2, 6, 60, 66, 58, 64)
(2, 6, 62, 68, 60, 66)
(2, 6, 64, 70, 62, 68)
(2, 6, 66, 72, 64, 70)
(2, 6, 68, 74, 66, 72)
(2, 6, 70, 76, 68, 74)
(2, 6, 72, 78, 70, 76)
(2, 6, 74, 80, 72, 78)
(8, 36, 10, 34, 78, 294)
(2, 34, 4, 62, 2, 48)
(2, 34, 6, 76, 4, 62)
(2, 34, 14, 64, 16, 78)
(2, 34, 16, 78, 18, 92)
# UP TO 80

(4, 0, 22, 22, 82, 82)
(2, 6, 76, 82, 74, 80)
(2, 6, 78, 84, 76, 82)
(2, 6, 80, 86, 78, 84)
(2, 6, 82, 88, 80, 86)
(2, 6, 84, 90, 82, 88)
(2, 6, 86, 92, 84, 90)
(2, 6, 88, 94, 86, 92)
(2, 6, 90, 96, 88, 94)
(2, 6, 92, 98, 90, 96)
(2, 6, 94, 100, 92, 98)
(2, 34, 8, 90, 6, 76)
(2, 34, 18, 92, 20, 106)
(10, 90, 8, 34, 78, 444)
(4, 48, 22, 10, 82, 46)
# UP TO 100

(10, 6, 12, 6, 118, 64)
(12, 16, 10, 6, 118, 90)
(20, 0, 6, 6, 118, 118)
(2, 6, 96, 102, 94, 100)
(2, 6, 98, 104, 96, 102)
(2, 6, 100, 106, 98, 104)
(2, 6, 102, 108, 100, 106)
(2, 6, 104, 110, 102, 108)
(2, 6, 106, 112, 104, 110)
(2, 6, 108, 114, 106, 112)
(2, 6, 110, 116, 108, 114)
(2, 6, 112, 118, 110, 116)
(2, 6, 114, 120, 112, 118)
(2, 34, 10, 104, 8, 90)
(2, 34, 12, 118, 10, 104)
(2, 34, 20, 106, 22, 120)
(2, 34, 22, 120, 24, 134)
(12, 104, 10, 34, 118, 526)
(10, 50, 12, 34, 118, 376)
(116, 0, 2, 2, 34, 34)
# UP TO 120

(6, 10, 22, 48, 128, 282)
(4, 8, 22, 130, 82, 486)
(2, 6, 116, 122, 114, 120)
(2, 6, 118, 124, 116, 122)
(2, 6, 120, 126, 118, 124)
(2, 6, 122, 128, 120, 126)
(2, 6, 124, 130, 122, 128)
(2, 6, 126, 132, 124, 130)
(2, 6, 128, 134, 126, 132)
(2, 6, 130, 136, 128, 134)
(2, 6, 132, 138, 130, 136)
(2, 6, 134, 140, 132, 138)
(2, 34, 14, 132, 12, 118)
(6, 22, 6, 128, 0, 22)
(2, 34, 24, 134, 26, 148)
(6, 130, 22, 8, 128, 82)
(22, 6, 6, 0, 128, 22)
# UP TO 140

(2, 6, 136, 142, 134, 140)
(2, 6, 138, 144, 136, 142)
(2, 6, 140, 146, 138, 144)
(2, 6, 142, 148, 140, 146)
(2, 6, 144, 150, 142, 148)
(2, 6, 146, 152, 144, 150)
(2, 6, 148, 154, 146, 152)
(2, 6, 150, 156, 148, 154)
(2, 6, 152, 158, 150, 156)
(2, 6, 154, 160, 152, 158)
(2, 34, 16, 146, 14, 132)
(2, 34, 18, 160, 16, 146)
(2, 34, 26, 148, 28, 162)
# UP TO 160

(12, 8, 14, 6, 166, 78)
(14, 18, 12, 6, 166, 104)
(2, 6, 156, 162, 154, 160)
(2, 6, 158, 164, 156, 162)
(2, 6, 160, 166, 158, 164)
(2, 6, 162, 168, 160, 166)
(2, 6, 164, 170, 162, 168)
(2, 6, 166, 172, 164, 170)
(2, 6, 168, 174, 166, 172)
(2, 6, 170, 176, 168, 174)
(2, 6, 172, 178, 170, 176)
(2, 6, 174, 180, 172, 178)
(2, 34, 20, 174, 18, 160)
(2, 34, 28, 162, 30, 176)
(2, 34, 30, 176, 32, 190)
(12, 64, 14, 34, 166, 458)
(22, 6, 8, 34, 174, 756)
(14, 118, 12, 34, 166, 608)
(46, 78, 4, 50, 174, 3072)
# UP TO 180

(2, 6, 176, 182, 174, 180)
(2, 6, 178, 184, 176, 182)
(2, 6, 180, 186, 178, 184)
(2, 6, 182, 188, 180, 186)
(2, 6, 184, 190, 182, 188)
(2, 6, 186, 192, 184, 190)
(2, 6, 188, 194, 186, 192)
(2, 6, 190, 196, 188, 194)
(2, 6, 192, 198, 190, 196)
(2, 6, 194, 200, 192, 198)
(2, 34, 22, 188, 20, 174)
(2, 34, 32, 190, 34, 204)
(4, 48, 6, 198, 22, 758)
(34, 2, 6, 8, 200, 278)
(6, 130, 8, 198, 46, 1236)
(2, 198, 6, 48, 8, 130)
(2, 198, 8, 130, 10, 212)
(116, 0, 2, 2, 198, 198)
(118, 6, 2, 8, 200, 1154)
# UP TO 200

(2, 6, 196, 202, 194, 200)
(2, 6, 198, 204, 196, 202)
(2, 6, 200, 206, 198, 204)
(2, 6, 202, 208, 200, 206)
(2, 6, 204, 210, 202, 208)
(2, 6, 206, 212, 204, 210)
(2, 6, 208, 214, 206, 212)
(2, 6, 210, 216, 208, 214)
(2, 6, 212, 218, 210, 216)
(2, 6, 214, 220, 212, 218)
(2, 34, 24, 202, 22, 188)
(2, 34, 26, 216, 24, 202)
(2, 34, 34, 204, 36, 218)
(2, 34, 36, 218, 38, 232)
(36, 8, 6, 2, 210, 118)
(36, 128, 6, 22, 210, 1538)
(2, 198, 10, 212, 12, 294)
(8, 212, 10, 198, 78, 1714)
# UP TO 220

(14, 10, 16, 6, 222, 92)
(16, 20, 14, 6, 222, 118)
(2, 6, 216, 222, 214, 220)
(2, 6, 218, 224, 216, 222)
(2, 6, 220, 226, 218, 224)
(2, 6, 222, 228, 220, 226)
(2, 6, 224, 230, 222, 228)
(2, 6, 226, 232, 224, 230)
(2, 6, 228, 234, 226, 232)
(2, 6, 230, 236, 228, 234)
(2, 6, 232, 238, 230, 236)
(2, 6, 234, 240, 232, 238)
(2, 34, 28, 230, 26, 216)
(2, 34, 38, 232, 40, 246)
(14, 78, 16, 34, 222, 540)
(16, 132, 14, 34, 222, 690)
# UP TO 240

(2, 6, 236, 242, 234, 240)
(2, 6, 238, 244, 236, 242)
(2, 6, 240, 246, 238, 244)
(2, 6, 242, 248, 240, 246)
(2, 6, 244, 250, 242, 248)
(2, 6, 246, 252, 244, 250)
(2, 6, 248, 254, 246, 252)
(2, 6, 250, 256, 248, 254)
(2, 6, 252, 258, 250, 256)
(2, 6, 254, 260, 252, 258)
(2, 34, 30, 244, 28, 230)
(2, 34, 32, 258, 30, 244)
(2, 34, 40, 246, 42, 260)
(2, 34, 42, 260, 44, 274)
(260, 0, 6, 6, 22, 22)
# UP TO 260

(6, 2, 46, 36, 268, 210)
(2, 6, 256, 262, 254, 260)
(2, 6, 258, 264, 256, 262)
(2, 6, 260, 266, 258, 264)
(2, 6, 262, 268, 260, 266)
(2, 6, 264, 270, 262, 268)
(2, 6, 266, 272, 264, 270)
(2, 6, 268, 274, 266, 272)
(2, 6, 270, 276, 268, 274)
(2, 6, 272, 278, 270, 276)
(2, 6, 274, 280, 272, 278)
(2, 34, 34, 272, 32, 258)
(6, 22, 46, 212, 268, 1238)
(2, 34, 44, 274, 46, 288)
(6, 62, 22, 280, 128, 1646)
(6, 62, 46, 12, 268, 78)
(2, 198, 2, 280, 0, 198)
(20, 200, 2, 278, 34, 6726)
(4, 280, 2, 198, 6, 1154)
(4, 280, 22, 62, 82, 282)
(128, 268, 2, 210, 210, 39202)
(198, 2, 2, 0, 280, 198)
# UP TO 280

(16, 12, 18, 6, 286, 106)
(2, 6, 276, 282, 274, 280)
(2, 6, 278, 284, 276, 282)
(2, 6, 280, 286, 278, 284)
(2, 6, 282, 288, 280, 286)
(2, 6, 284, 290, 282, 288)
(2, 6, 286, 292, 284, 290)
(2, 6, 288, 294, 286, 292)
(2, 6, 290, 296, 288, 294)
(2, 6, 292, 298, 290, 296)
(2, 6, 294, 300, 292, 298)
(18, 22, 16, 6, 286, 132)
(2, 34, 36, 286, 34, 272)
(2, 34, 38, 300, 36, 286)
(2, 34, 46, 288, 48, 302)
(16, 92, 18, 34, 286, 622)
(18, 146, 16, 34, 286, 772)
(2, 198, 12, 294, 14, 376)
(10, 294, 12, 198, 118, 2192)
(48, 4, 6, 10, 282, 502)
(50, 10, 6, 4, 292, 278)
# UP TO 300

(4, 0, 82, 82, 306, 306)
(2, 6, 296, 302, 294, 300)
(2, 6, 298, 304, 296, 302)
(2, 6, 300, 306, 298, 304)
(2, 6, 302, 308, 300, 306)
(2, 6, 304, 310, 302, 308)
(2, 6, 306, 312, 304, 310)
(2, 6, 308, 314, 306, 312)
(2, 6, 310, 316, 308, 314)
(2, 6, 312, 318, 310, 316)
(2, 6, 314, 320, 312, 318)
(2, 34, 40, 314, 38, 300)
(2, 34, 48, 302, 50, 316)
(2, 34, 50, 316, 52, 330)
(4, 48, 82, 46, 306, 174)
(4, 280, 82, 282, 306, 1066)
# UP TO 320

(2, 6, 316, 322, 314, 320)
(2, 6, 318, 324, 316, 322)
(2, 6, 320, 326, 318, 324)
(2, 6, 322, 328, 320, 326)
(2, 6, 324, 330, 322, 328)
(2, 6, 326, 332, 324, 330)
(2, 6, 328, 334, 326, 332)
(2, 6, 330, 336, 328, 334)
(2, 6, 332, 338, 330, 336)
(2, 6, 334, 340, 332, 338)
(2, 34, 42, 328, 40, 314)
(2, 34, 52, 330, 54, 344)
# UP TO 340

(18, 14, 20, 6, 358, 120)
(2, 6, 336, 342, 334, 340)
(2, 6, 338, 344, 336, 342)
(2, 6, 340, 346, 338, 344)
(2, 6, 342, 348, 340, 346)
(2, 6, 344, 350, 342, 348)
(2, 6, 346, 352, 344, 350)
(2, 6, 348, 354, 346, 352)
(2, 6, 350, 356, 348, 354)
(2, 6, 352, 358, 350, 356)
(2, 6, 354, 360, 352, 358)
(20, 24, 18, 6, 358, 146)
(2, 34, 44, 342, 42, 328)
(2, 34, 46, 356, 44, 342)
(2, 34, 54, 344, 56, 358)
(2, 34, 56, 358, 58, 372)
(18, 106, 20, 34, 358, 704)
(20, 160, 18, 34, 358, 854)
# UP TO 360

(8, 12, 46, 62, 362, 490)
(2, 6, 356, 362, 354, 360)
(2, 6, 358, 364, 356, 362)
(2, 6, 360, 366, 358, 364)
(2, 6, 362, 368, 360, 366)
(2, 6, 364, 370, 362, 368)
(2, 6, 366, 372, 364, 370)
(2, 6, 368, 374, 366, 372)
(2, 6, 370, 376, 368, 374)
(2, 6, 372, 378, 370, 376)
(2, 6, 374, 380, 372, 378)
(8, 36, 22, 362, 2, 46)
(62, 6, 6, 12, 364, 790)
(64, 12, 6, 6, 374, 502)
(2, 34, 48, 370, 46, 356)
(2, 34, 58, 372, 60, 386)
(8, 76, 46, 362, 362, 2862)
(2, 198, 4, 362, 2, 280)
(2, 198, 14, 376, 16, 458)
(8, 212, 46, 22, 362, 210)
(6, 362, 4, 198, 22, 1632)
(12, 376, 14, 198, 166, 2670)
(6, 362, 46, 76, 268, 490)
# UP TO 380

(2, 6, 376, 382, 374, 380)
(2, 6, 378, 384, 376, 382)
(2, 6, 380, 386, 378, 384)
(2, 6, 382, 388, 380, 386)
(2, 6, 384, 390, 382, 388)
(2, 6, 386, 392, 384, 390)
(2, 6, 388, 394, 386, 392)
(2, 6, 390, 396, 388, 394)
(2, 6, 392, 398, 390, 396)
(2, 6, 394, 400, 392, 398)
(2, 34, 50, 384, 48, 370)
(2, 34, 52, 398, 50, 384)
(2, 34, 60, 386, 62, 400)
(2, 34, 62, 400, 64, 414)
(50, 210, 8, 118, 394, 7124)
# UP TO 400

(2, 6, 396, 402, 394, 400)
(2, 6, 398, 404, 396, 402)
(2, 6, 400, 406, 398, 404)
(2, 6, 402, 408, 400, 406)
(2, 6, 404, 410, 402, 408)
(2, 6, 406, 412, 404, 410)
(2, 6, 408, 414, 406, 412)
(2, 6, 410, 416, 408, 414)
(2, 6, 412, 418, 410, 416)
(2, 6, 414, 420, 412, 418)
(2, 34, 54, 412, 52, 398)
(2, 34, 64, 414, 66, 428)
# UP TO 420

(20, 16, 22, 6, 438, 134)
(2, 6, 416, 422, 414, 420)
(2, 6, 418, 424, 416, 422)
(2, 6, 420, 426, 418, 424)
(2, 6, 422, 428, 420, 426)
(2, 6, 424, 430, 422, 428)
(2, 6, 426, 432, 424, 430)
(2, 6, 428, 434, 426, 432)
(2, 6, 430, 436, 428, 434)
(2, 6, 432, 438, 430, 436)
(2, 6, 434, 440, 432, 438)
(2, 34, 56, 426, 54, 412)
(2, 34, 58, 440, 56, 426)
(2, 34, 66, 428, 68, 442)
(22, 26, 20, 6, 438, 160)
(20, 120, 22, 34, 438, 786)
(22, 174, 20, 34, 438, 936)
# UP TO 440

(2, 6, 436, 442, 434, 440)
(2, 6, 438, 444, 436, 442)
(2, 6, 440, 446, 438, 444)
(2, 6, 442, 448, 440, 446)
(2, 6, 444, 450, 442, 448)
(2, 6, 446, 452, 444, 450)
(2, 6, 448, 454, 446, 452)
(2, 6, 450, 456, 448, 454)
(2, 6, 452, 458, 450, 456)
(2, 6, 454, 460, 452, 458)
(2, 34, 60, 454, 58, 440)
(2, 34, 68, 442, 70, 456)
(2, 34, 70, 456, 72, 470)
(46, 22, 10, 48, 456, 2290)
(2, 198, 6, 444, 4, 362)
(2, 198, 16, 458, 18, 540)
(8, 444, 6, 198, 46, 2110)
(14, 458, 16, 198, 222, 3148)
(76, 8, 6, 14, 446, 1142)
(78, 14, 6, 8, 456, 790)
(78, 118, 6, 64, 456, 6398)
# UP TO 460

(2, 6, 456, 462, 454, 460)
(2, 6, 458, 464, 456, 462)
(2, 6, 460, 466, 458, 464)
(2, 6, 462, 468, 460, 466)
(2, 6, 464, 470, 462, 468)
(2, 6, 466, 472, 464, 470)
(2, 6, 468, 474, 466, 472)
(2, 6, 470, 476, 468, 474)
(2, 6, 472, 478, 470, 476)
(2, 6, 474, 480, 472, 478)
(2, 34, 62, 468, 60, 454)
(2, 34, 72, 470, 74, 484)
# UP TO 480

(4, 8, 82, 486, 306, 1814)
(2, 6, 476, 482, 474, 480)
(2, 6, 478, 484, 476, 482)
(2, 6, 480, 486, 478, 484)
(2, 6, 482, 488, 480, 486)
(2, 6, 484, 490, 482, 488)
(2, 6, 486, 492, 484, 490)
(2, 6, 488, 494, 486, 492)
(2, 6, 490, 496, 488, 494)
(2, 6, 492, 498, 490, 496)
(2, 6, 494, 500, 492, 498)
(2, 34, 64, 482, 62, 468)
(2, 34, 66, 496, 64, 482)
(2, 34, 74, 484, 76, 498)
(2, 34, 76, 498, 78, 512)
# UP TO 500

(2, 6, 496, 502, 494, 500)
(2, 6, 498, 504, 496, 502)
(2, 6, 500, 506, 498, 504)
(2, 6, 502, 508, 500, 506)
(2, 6, 504, 510, 502, 508)
(2, 6, 506, 512, 504, 510)
(2, 6, 508, 514, 506, 512)
(2, 6, 510, 516, 508, 514)
(2, 6, 512, 518, 510, 516)
(2, 6, 514, 520, 512, 518)
(2, 34, 68, 510, 66, 496)
(2, 34, 78, 512, 80, 526)
(34, 282, 4, 502, 130, 18712)
# UP TO 520

(2, 6, 516, 522, 514, 520)
(2, 6, 518, 524, 516, 522)
(2, 6, 520, 526, 518, 524)
(2, 6, 522, 528, 520, 526)
(2, 6, 524, 530, 522, 528)
(2, 6, 526, 532, 524, 530)
(2, 6, 528, 534, 526, 532)
(2, 6, 530, 536, 528, 534)
(2, 6, 532, 538, 530, 536)
(2, 6, 534, 540, 532, 538)
(2, 34, 70, 524, 68, 510)
(2, 34, 72, 538, 70, 524)
(2, 34, 80, 526, 82, 540)
(2, 34, 82, 540, 84, 554)
(2, 198, 8, 526, 6, 444)
(2, 198, 18, 540, 20, 622)
(10, 526, 8, 198, 78, 2588)
(16, 540, 18, 198, 286, 3626)
(22, 18, 24, 6, 526, 148)
(24, 28, 22, 6, 526, 174)
(22, 134, 24, 34, 526, 868)
(24, 188, 22, 34, 526, 1018)
(90, 10, 6, 16, 528, 1558)
(92, 16, 6, 10, 538, 1142)
# UP TO 540

(2, 6, 536, 542, 534, 540)
(2, 6, 538, 544, 536, 542)
(2, 6, 540, 546, 538, 544)
(2, 6, 542, 548, 540, 546)
(2, 6, 544, 550, 542, 548)
(2, 6, 546, 552, 544, 550)
(2, 6, 548, 554, 546, 552)
(2, 6, 550, 556, 548, 554)
(2, 6, 552, 558, 550, 556)
(2, 6, 554, 560, 552, 558)
(2, 34, 74, 552, 72, 538)
(2, 34, 84, 554, 86, 568)
# UP TO 560

(2, 6, 556, 562, 554, 560)
(2, 6, 558, 564, 556, 562)
(2, 6, 560, 566, 558, 564)
(2, 6, 562, 568, 560, 566)
(2, 6, 564, 570, 562, 568)
(2, 6, 566, 572, 564, 570)
(2, 6, 568, 574, 566, 572)
(2, 6, 570, 576, 568, 574)
(2, 6, 572, 578, 570, 576)
(2, 6, 574, 580, 572, 578)
(2, 34, 76, 566, 74, 552)
(2, 34, 78, 580, 76, 566)
(2, 34, 86, 568, 88, 582)
# UP TO 580

(2, 6, 576, 582, 574, 580)
(2, 6, 578, 584, 576, 582)
(2, 6, 580, 586, 578, 584)
(2, 6, 582, 588, 580, 586)
(2, 6, 584, 590, 582, 588)
(2, 6, 586, 592, 584, 590)
(2, 6, 588, 594, 586, 592)
(2, 6, 590, 596, 588, 594)
(2, 6, 592, 598, 590, 596)
(2, 6, 594, 600, 592, 598)
(2, 34, 80, 594, 78, 580)
(2, 34, 88, 582, 90, 596)
(2, 34, 90, 596, 92, 610)
# UP TO 600

(8, 4, 78, 50, 614, 394)
(2, 6, 596, 602, 594, 600)
(2, 6, 598, 604, 596, 602)
(2, 6, 600, 606, 598, 604)
(2, 6, 602, 608, 600, 606)
(2, 6, 604, 610, 602, 608)
(2, 6, 606, 612, 604, 610)
(2, 6, 608, 614, 606, 612)
(2, 6, 610, 616, 608, 614)
(2, 6, 612, 618, 610, 616)
(2, 6, 614, 620, 612, 618)
(8, 36, 78, 294, 614, 2318)
(2, 34, 82, 608, 80, 594)
(2, 34, 92, 610, 94, 624)
(8, 76, 78, 14, 614, 118)
(2, 198, 10, 608, 8, 526)
(104, 12, 6, 18, 610, 2038)
(106, 18, 6, 12, 620, 1558)
(8, 444, 78, 90, 614, 754)
(12, 608, 10, 198, 118, 3066)
# UP TO 620

(26, 202, 24, 34, 622, 1100)
(2, 6, 616, 622, 614, 620)
(2, 6, 618, 624, 616, 622)
(2, 6, 620, 626, 618, 624)
(2, 6, 622, 628, 620, 626)
(2, 6, 624, 630, 622, 628)
(2, 6, 626, 632, 624, 630)
(2, 6, 628, 634, 626, 632)
(2, 6, 630, 636, 628, 634)
(2, 6, 632, 638, 630, 636)
(2, 6, 634, 640, 632, 638)
(2, 34, 84, 622, 82, 608)
(2, 34, 86, 636, 84, 622)
(2, 34, 94, 624, 96, 638)
(2, 34, 96, 638, 98, 652)
(2, 198, 20, 622, 22, 704)
(18, 622, 20, 198, 358, 4104)
(64, 292, 10, 278, 634, 19494)
(24, 20, 26, 6, 622, 162)
(26, 30, 24, 6, 622, 188)
(24, 148, 26, 34, 622, 950)
# UP TO 640

(2, 6, 636, 642, 634, 640)
(2, 6, 638, 644, 636, 642)
(2, 6, 640, 646, 638, 644)
(2, 6, 642, 648, 640, 646)
(2, 6, 644, 650, 642, 648)
(2, 6, 646, 652, 644, 650)
(2, 6, 648, 654, 646, 652)
(2, 6, 650, 656, 648, 654)
(2, 6, 652, 658, 650, 656)
(2, 6, 654, 660, 652, 658)
(2, 34, 88, 650, 86, 636)
(2, 34, 98, 652, 100, 666)
(82, 22, 8, 130, 650, 10788)
# UP TO 660

(20, 0, 34, 34, 678, 678)
(2, 6, 656, 662, 654, 660)
(2, 6, 658, 664, 656, 662)
(2, 6, 660, 666, 658, 664)
(2, 6, 662, 668, 660, 666)
(2, 6, 664, 670, 662, 668)
(2, 6, 666, 672, 664, 670)
(2, 6, 668, 674, 666, 672)
(2, 6, 670, 676, 668, 674)
(2, 6, 672, 678, 670, 676)
(2, 6, 674, 680, 672, 678)
(2, 34, 90, 664, 88, 650)
(2, 34, 92, 678, 90, 664)
(2, 34, 100, 666, 102, 680)
(2, 34, 102, 680, 104, 694)
(676, 0, 2, 2, 198, 198)
# UP TO 680

(2, 6, 676, 682, 674, 680)
(2, 6, 678, 684, 676, 682)
(2, 6, 680, 686, 678, 684)
(2, 6, 682, 688, 680, 686)
(2, 6, 684, 690, 682, 688)
(2, 6, 686, 692, 684, 690)
(2, 6, 688, 694, 686, 692)
(2, 6, 690, 696, 688, 694)
(2, 6, 692, 698, 690, 696)
(2, 6, 694, 700, 692, 698)
(2, 34, 94, 692, 92, 678)
(2, 34, 104, 694, 106, 708)
(6, 118, 6, 688, 0, 118)
(2, 198, 12, 690, 10, 608)
(14, 690, 12, 198, 166, 3544)
(36, 688, 6, 118, 210, 8258)
(118, 6, 6, 0, 688, 118)
(118, 14, 6, 20, 692, 2582)
# UP TO 700

(2, 6, 696, 702, 694, 700)
(2, 6, 698, 704, 696, 702)
(2, 6, 700, 706, 698, 704)
(2, 6, 702, 708, 700, 706)
(2, 6, 704, 710, 702, 708)
(2, 6, 706, 712, 704, 710)
(2, 6, 708, 714, 706, 712)
(2, 6, 710, 716, 708, 714)
(2, 6, 712, 718, 710, 716)
(2, 6, 714, 720, 712, 718)
(2, 34, 96, 706, 94, 692)
(2, 34, 98, 720, 96, 706)
(2, 34, 106, 708, 108, 722)
(2, 198, 22, 704, 24, 786)
(20, 704, 22, 198, 438, 4582)
(120, 20, 6, 14, 702, 2038)
# UP TO 720

(2, 6, 716, 722, 714, 720)
(2, 6, 718, 724, 716, 722)
(2, 6, 720, 726, 718, 724)
(2, 6, 722, 728, 720, 726)
(2, 6, 724, 730, 722, 728)
(2, 6, 726, 732, 724, 730)
(2, 6, 728, 734, 726, 732)
(2, 6, 730, 736, 728, 734)
(2, 6, 732, 738, 730, 736)
(2, 6, 734, 740, 732, 738)
(2, 34, 100, 734, 98, 720)
(2, 34, 108, 722, 110, 736)
(2, 34, 110, 736, 112, 750)
(26, 22, 28, 6, 726, 176)
(28, 32, 26, 6, 726, 202)
(26, 162, 28, 34, 726, 1032)
(28, 216, 26, 34, 726, 1182)
# UP TO 740

(6, 10, 128, 282, 746, 1644)
(2, 6, 736, 742, 734, 740)
(2, 6, 738, 744, 736, 742)
(2, 6, 740, 746, 738, 744)
(2, 6, 742, 748, 740, 746)
(2, 6, 744, 750, 742, 748)
(2, 6, 746, 752, 744, 750)
(2, 6, 748, 754, 746, 752)
(2, 6, 750, 756, 748, 754)
(2, 6, 752, 758, 750, 756)
(2, 6, 754, 760, 752, 758)
(6, 22, 36, 746, 6, 128)
(2, 34, 102, 748, 100, 734)
(2, 34, 112, 750, 114, 764)
(4, 48, 22, 758, 82, 2834)
(6, 130, 128, 82, 746, 484)
(6, 758, 22, 48, 128, 486)
(6, 758, 128, 486, 746, 2868)
(82, 174, 6, 756, 484, 63362)
# UP TO 760

(10, 14, 78, 76, 772, 754)
(2, 6, 756, 762, 754, 760)
(2, 6, 758, 764, 756, 762)
(2, 6, 760, 766, 758, 764)
(2, 6, 762, 768, 760, 766)
(2, 6, 764, 770, 762, 768)
(2, 6, 766, 772, 764, 770)
(2, 6, 768, 774, 766, 772)
(2, 6, 770, 776, 768, 774)
(2, 6, 772, 778, 770, 776)
(2, 6, 774, 780, 772, 778)
(2, 34, 104, 762, 102, 748)
(2, 34, 106, 776, 104, 762)
(2, 34, 114, 764, 116, 778)
(2, 34, 116, 778, 118, 792)
(10, 50, 46, 772, 4, 78)
(10, 90, 78, 444, 772, 4406)
(2, 198, 14, 772, 12, 690)
(10, 294, 78, 36, 772, 394)
(16, 772, 14, 198, 222, 4022)
(132, 16, 6, 22, 774, 3190)
# UP TO 780

(2, 6, 776, 782, 774, 780)
(2, 6, 778, 784, 776, 782)
(2, 6, 780, 786, 778, 784)
(2, 6, 782, 788, 780, 786)
(2, 6, 784, 790, 782, 788)
(2, 6, 786, 792, 784, 790)
(2, 6, 788, 794, 786, 792)
(2, 6, 790, 796, 788, 794)
(2, 6, 792, 798, 790, 796)
(2, 6, 794, 800, 792, 798)
(2, 34, 108, 790, 106, 776)
(2, 34, 118, 792, 120, 806)
(2, 198, 24, 786, 26, 868)
(22, 786, 24, 198, 526, 5060)
(48, 364, 6, 790, 282, 40042)
(36, 8, 22, 34, 790, 1234)
(134, 22, 6, 16, 784, 2582)
# UP TO 800

